[gd_scene load_steps=5 format=2]

[ext_resource path="res://prefabs/characters/player.tscn" type="PackedScene" id=1]
[ext_resource path="res://prefabs/trees/tree_01.tscn" type="PackedScene" id=2]
[ext_resource path="res://prefabs/zones/burn_anomaly.tscn" type="PackedScene" id=3]
[ext_resource path="res://prefabs/terrains/test_terrain.tscn" type="PackedScene" id=4]

[node name="Spatial" type="Spatial"]

[node name="BurnAnomaly2" parent="." instance=ExtResource( 3 )]
transform = Transform( 1, 0, 0, 0, 1, 0, 0, 0, 1, -5.43087, -3.00189, 15.1876 )

[node name="BurnAnomaly" parent="." instance=ExtResource( 3 )]
transform = Transform( 0.244478, 0, 0.969655, 0, 1, 0, -0.969655, 0, 0.244478, 4.90848, -1.42154, 7.71169 )

[node name="Player" parent="." instance=ExtResource( 1 )]
transform = Transform( 0.244478, 0, 0.969655, 0, 1, 0, -0.969655, 0, 0.244478, 5.59038, -1.10023, 14.8916 )

[node name="DirectionalLight" type="DirectionalLight" parent="."]
transform = Transform( 1, 0, 0, 0, 0.633219, 0.773973, 0, -0.773973, 0.633219, 0, 11.333, 16.1083 )

[node name="test_terrain" parent="." instance=ExtResource( 4 )]
transform = Transform( 1, 0, 0, 0, 1, 0, 0, 0, 1, -2.30617, -3.03152, 12.1654 )

[node name="tree_01" parent="test_terrain" instance=ExtResource( 2 )]
transform = Transform( 1, 0, 0, 0, 1, 0, 0, 0, 1, -1.75477, 1.71747, 7.57725 )

[node name="tree_02" parent="test_terrain" instance=ExtResource( 2 )]
transform = Transform( 1, 0, 0, 0, 1, 0, 0, 0, 1, -3.99491, -0.0996161, 1.09108 )

[node name="tree_03" parent="test_terrain" instance=ExtResource( 2 )]
transform = Transform( 1, 0, 0, 0, 1, 0, 0, 0, 1, 1.87574, -0.0356245, -4.21697 )
